24756
23713
24211
24756
23713
24211
24756
23713
24211
24756
23713
24211
24756
23713
24211
24756
23713
24211
24756
23713
24211
24756
23713
24211
24756
23713
24211
24756
23713
24211
24756
23713
24211
24756
23713
24211
24756
23713
24211
24756
23713
24211
24756
23713
24211
24756
23713
24211
24756
23713
24211
24756
23713
24211
24756
23713
24211
24756
23713
24211
24756
23713
24211
24756
23713
24211
24756
23713
24211
24756
23713
24211
24756
23713
24211
24756
23713
24211
24756
23713
24211
24756
23713
24211
24756
23713
24211
24756
23713
24211
24756
23713
24211
24756
23713
24211
24756
23713
24211
24756
